A1-1
4
1
2
2
0
A1-2
6
0
1
2
3
-1
0
A1-3
6
0
1
2
2
-1
-1
A2-0
25
1 2 1
2 4 1
2 16 1
1 1 -1
0 30 2
2 20 -1
2 8 -1
1 9 0
1 11 1
1 18 1
2 22 2
0 25 0
1 3 -1
1 7 -1
1 8 2
0 13 1
2 19 3
2 17 1
1 25 -1
0 1 0
1 30 0
2 24 2
2 21 -1
0 11 1
0 12 -1
A1-0
25
1 14 -1
2 16 -1
0 1 -1
0 26 -1
1 31 -1
1 34 -1
0 21 -1
0 29 -1
2 27 -1
2 12 -1
2 2 -1
0 12 -1
0 30 -1
2 21 -1
2 18 -1
0 22 -1
0 34 -1
2 20 -1
2 24 -1
1 1 -1
2 28 -1
2 17 -1
2 26 -1
1 8 -1
2 3 -1
A1-0
25
1 23 -1
1 3 -1
0 11 -1
0 14 -1
1 13 0
0 6 -1
1 17 -1
0 27 -1
0 21 2
1 18 -1
2 4 -1
1 19 1
2 8 0
2 17 -1
1 15 -1
1 27 -1
0 7 -1
1 24 -1
0 25 -1
2 1 -1
1 14 -1
2 5 -1
1 7 -1
2 25 -1
1 16 -1
A1-0
25
2 19 -1
1 24 1
0 34 -1
2 8 -1
2 13 1
2 4 -1
1 32 0
1 2 0
0 23 1
2 21 0
2 24 0
1 14 3
2 17 1
0 14 -1
0 24 0
2 30 -1
1 25 1
2 3 2
0 35 2
0 17 -1
1 10 2
0 13 0
1 8 -1
0 1 2
2 29 1
A2-0
25
2 4 -1
1 14 -1
2 22 -1
2 6 -1
0 19 -1
1 15 -1
1 23 -1
0 28 -1
0 10 -1
2 15 -1
1 12 -1
0 16 -1
0 9 -1
2 24 -1
2 7 -1
0 3 -1
0 1 -1
2 13 -1
1 13 -1
1 30 -1
1 7 -1
0 24 -1
0 6 -1
0 23 -1
1 25 -1
A1-0
25
0 15 -1
2 17 -1
0 31 -1
2 23 -1
2 1 -1
0 21 -1
1 7 -1
2 10 -1
0 32 -1
0 11 -1
0 34 -1
0 5 -1
0 27 -1
1 12 -1
2 4 -1
0 10 -1
0 29 -1
1 18 -1
0 23 -1
2 3 -1
1 32 -1
1 6 -1
0 16 -1
1 4 -1
1 9 -1
A3-0
25
2 16 -1
0 2 -1
0 24 -1
0 38 -1
2 2 -1
1 24 -1
2 11 -1
1 29 -1
2 34 -1
1 26 -1
2 17 -1
2 28 -1
1 15 -1
1 28 -1
0 37 -1
0 20 -1
2 27 -1
0 6 -1
0 17 -1
0 8 -1
2 23 -1
1 13 -1
0 18 -1
1 34 -1
1 17 -1
A4-0
25
0 55 -1
0 25 -1
2 40 -1
0 37 -1
2 22 -1
1 15 -1
0 36 -1
1 1 -1
1 7 -1
0 9 -1
2 21 -1
1 30 -1
0 1 -1
1 14 -1
2 13 -1
0 52 -1
0 23 -1
1 35 -1
0 19 -1
2 7 -1
0 42 -1
1 3 -1
0 5 -1
1 8 -1
2 8 -1
B2-0
25
1 18 -1
1 25 -1
0 73 -1
0 51 -1
1 29 -1
2 5 -1
2 22 -1
2 2 -1
0 70 -1
2 46 -1
2 42 -1
0 31 -1
2 47 -1
1 2 -1
0 56 -1
0 64 -1
2 15 -1
2 54 -1
2 23 -1
0 19 -1
2 27 -1
1 35 -1
0 50 -1
1 14 -1
1 33 -1
B1-0
25
2 12 -1
2 7 -1
0 42 -1
1 7 -1
0 65 -1
0 77 -1
1 23 -1
1 33 -1
2 29 -1
2 46 -1
0 63 -1
2 31 -1
1 14 -1
2 33 -1
0 44 -1
1 28 -1
2 38 -1
0 15 -1
1 17 -1
2 3 -1
2 13 -1
2 22 -1
1 18 -1
0 40 -1
1 26 -1
A1-0
20
1 10 -1
1 6 -1
1 4 -1
0 19 -1
1 18 -1
2 25 -1
1 13 -1
1 15 -1
2 16 -1
1 2 -1
2 6 -1
2 18 -1
0 25 -1
1 8 -1
1 22 -1
2 19 -1
2 21 -1
1 20 -1
2 10 -1
1 34 -1
A2-0
20
0 18 -1
1 14 -1
2 3 -1
2 12 -1
2 23 -1
2 10 -1
0 22 -1
2 7 -1
0 8 -1
0 11 -1
0 15 -1
0 3 -1
1 16 -1
2 30 -1
0 17 -1
0 24 -1
0 23 -1
0 21 -1
0 19 -1
0 27 -1
A1-2
6
0
2
2
1
0
1
A1-0
25
0 32 -1
2 5 -1
1 17 -1
2 25 -1
1 6 -1
1 21 -1
2 24 -1
0 2 -1
1 5 -1
0 6 -1
0 27 -1
0 36 -1
2 9 -1
0 23 -1
1 32 -1
2 19 -1
1 23 -1
0 11 -1
2 13 -1
1 18 -1
1 8 -1
0 4 -1
1 35 -1
0 21 -1
0 26 0
A1-2
6
-1
-1
-1
-1
-1
-1
A1-0
25
1 31 -1
2 13 -1
1 14 -1
0 24 -1
2 25 -1
1 9 -1
2 3 -1
2 2 -1
0 4 -1
2 28 -1
2 16 -1
0 18 -1
1 36 -1
0 1 -1
2 27 -1
0 19 -1
1 22 -1
2 23 -1
1 33 -1
1 21 -1
0 13 -1
0 2 -1
2 8 -1
2 7 -1
1 7 -1
A1-0
25
1 12 -1
1 29 -1
1 32 -1
1 36 -1
2 23 -1
2 11 -1
2 15 -1
2 10 -1
2 1 -1
2 22 -1
1 5 -1
1 24 -1
2 3 -1
1 1 -1
1 28 -1
1 23 -1
1 17 -1
0 25 -1
2 25 -1
2 26 -1
2 18 -1
0 27 -1
0 5 -1
0 3 -1
1 3 -1
A1-2
6
-1
-1
-1
-1
-1
-1
A1-2
6
-1
-1
-1
-1
-1
-1
A1-2
6
-1
-1
-1
-1
-1
-1
A1-2
6
0
1
0
0
1
1
A2-0
20
0 27 -1
0 6 -1
0 22 -1
1 2 -1
0 26 -1
2 10 -1
2 1 -1
2 24 -1
0 28 -1
0 24 -1
2 16 -1
2 26 -1
1 27 -1
2 5 -1
0 4 -1
2 20 -1
1 30 -1
2 17 -1
0 15 -1
1 11 -1
A1-0
25
0 15 1
0 12 2
2 4 -1
0 34 -1
1 36 -1
1 10 -1
1 27 1
1 4 -1
1 26 1
1 17 -1
0 20 1
1 6 -1
2 12 -1
2 19 -1
2 13 -1
0 10 -1
2 7 -1
0 7 -1
1 13 -1
1 18 -1
0 26 3
2 18 -1
2 21 -1
0 8 -1
0 9 -1
A1-2
6
2
0
0
0
2
1
A1-3
6
1
0
1
0
3
2
A1-0
30
1 31 -1
0 18 -1
0 14 -1
0 20 -1
0 33 -1
1 3 -1
0 21 -1
2 5 -1
0 15 -1
0 27 -1
2 19 -1
2 14 -1
0 12 -1
0 26 -1
2 7 -1
1 21 -1
2 6 -1
0 10 -1
2 8 -1
2 13 -1
1 10 -1
1 25 -1
1 35 -1
2 16 -1
2 27 -1
2 20 -1
2 21 -1
0 13 -1
2 30 -1
1 18 -1
A1-0
30
1 24 -1
0 4 -1
2 22 -1
0 31 -1
2 17 -1
1 2 -1
1 8 -1
2 5 -1
0 35 -1
2 19 -1
1 1 -1
1 36 -1
0 10 -1
0 27 -1
2 12 -1
0 9 -1
2 23 -1
2 13 -1
2 20 -1
2 28 -1
2 21 -1
1 17 -1
1 28 -1
2 2 -1
0 11 -1
2 10 -1
2 4 -1
0 6 -1
0 14 -1
2 14 -1
A2-0
20
0 14 -1
0 21 -1
0 27 -1
0 16 -1
1 4 -1
0 4 -1
2 13 -1
1 5 -1
0 11 -1
2 9 -1
1 30 -1
1 22 -1
2 15 -1
2 1 -1
1 11 -1
0 28 -1
0 18 -1
1 13 -1
1 1 -1
2 20 -1
A3-0
20
2 19 -1
0 30 -1
0 22 -1
1 20 -1
0 29 -1
0 18 -1
0 19 -1
0 42 -1
2 10 -1
0 12 -1
0 50 -1
0 49 -1
0 1 -1
2 9 -1
0 7 -1
2 2 -1
0 27 -1
2 21 -1
0 9 -1
0 34 -1
A1-0
20
2 27 -1
2 7 -1
0 17 -1
1 20 -1
1 16 -1
0 5 -1
1 18 -1
1 35 -1
0 3 -1
0 32 -1
0 35 -1
1 21 -1
1 25 -1
0 7 -1
0 23 -1
1 10 -1
0 4 -1
2 3 -1
1 6 -1
2 21 -1
A1-0
26
1 7 -1
1 1 -1
2 11 0
2 2 -1
1 36 0
0 33 -1
1 8 2
1 9 -1
2 18 -1
2 4 -1
0 11 1
0 2 1
1 30 -1
1 28 -1
1 5 0
2 16 1
2 23 0
2 8 -1
0 35 -1
0 17 -1
2 27 -1
0 3 -1
0 4 -1
1 13 -1
0 8 -1
0 31 0
A1-0
30
0 3 2
1 28 -1
0 18 3
0 16 -1
2 27 0
2 28 -1
1 8 2
1 36 0
1 11 2
2 12 2
2 11 -1
2 15 -1
1 24 1
1 20 1
1 6 -1
1 25 0
0 29 -1
2 13 2
1 30 -1
1 10 0
2 18 1
2 19 0
0 8 2
2 2 -1
0 33 -1
2 1 0
2 26 -1
1 17 2
0 12 -1
1 16 1
A1-0
20
0 16 1
2 10 0
0 36 2
2 9 0
1 21 0
1 9 0
0 32 0
1 31 2
1 6 1
1 30 2
2 20 2
1 18 1
0 31 3
0 18 2
0 10 1
2 23 0
2 12 2
0 33 0
1 12 1
0 30 3
A1-0
25
0 1 -1
1 31 -1
1 28 -1
0 36 -1
0 25 -1
0 22 -1
0 34 -1
2 5 -1
2 13 -1
0 20 -1
1 27 -1
2 24 -1
2 6 -1
1 32 -1
1 23 -1
2 7 -1
2 30 -1
1 20 -1
0 27 -1
0 18 -1
2 15 -1
0 13 -1
0 10 -1
1 12 -1
2 29 -1
A1-0
30
0 28 -1
2 2 -1
0 23 -1
2 8 -1
1 12 -1
1 7 -1
1 16 -1
2 9 -1
0 2 -1
2 10 -1
0 3 -1
2 19 -1
1 29 -1
1 13 -1
1 27 -1
2 3 -1
2 20 -1
1 28 -1
1 8 -1
2 1 -1
1 3 -1
1 18 -1
0 31 -1
1 36 -1
1 10 -1
0 15 -1
0 11 -1
2 18 -1
0 16 -1
0 14 -1
A1-0
20
1 31 2
1 27 -1
0 31 -1
2 14 -1
1 13 0
2 25 1
1 22 2
1 26 0
1 4 -1
1 21 1
0 5 -1
0 12 1
0 2 -1
1 25 3
1 33 -1
1 32 2
1 30 -1
2 28 2
2 6 -1
1 11 2
